13701370
13701371
13701372
13701373
13701374
13701375
13701376
13701377
13701378
13701379
13701380
13701381
13701382
13701383
13701384
13701385
13701387
13701386
13701388
13701395
13701396
13701397
137070
137071
137072
137073
137074
137075
137076
137077
137078
137079
137080
137081
137082
137083
137084
137085
137086
137087
137088
137089
137090
137095
137096
137097
13711370
13711371
13711372
13711373
13711374
13711375
13711376
13711377
13711378
13711379
13711380
13711381
13711382
13711383
13711384
13711385
13711387
13711386
13711388
13711395
13711396
13711397
137170
137171
137172
137173
137174
137175
137176
137177
137178
137179
137180
137181
137182
137183
137184
137185
137186
137187
137188
137189
137190
137195
137196
137197
13721370
13721371
13721372
13721373
13721374
13721375
13721376
13721377
13721378
13721379
13721380
13721381
13721382
13721383
13721384
13721385
13721387
13721386
13721388
13721395
13721396
13721397
137270
137271
137272
137273
137274
137275
137276
137277
137278
137279
137280
137281
137282
137283
137284
137285
137286
137287
137288
137289
137290
137295
137296
137297
13731370
13731371
13731372
13731373
13731374
13731375
13731376
13731377
13731378
13731379
13731380
13731381
13731382
13731383
13731384
13731385
13731387
13731386
13731388
13731395
13731396
13731397
137370
137371
137372
137373
137374
137375
137376
137377
137378
137379
137380
137381
137382
137383
137384
137385
137386
137387
137388
137389
137390
137395
137396
137397
13741370
13741371
13741372
13741373
13741374
13741375
13741376
13741377
13741378
13741379
13741380
13741381
13741382
13741383
13741384
13741385
13741387
13741386
13741388
13741395
13741396
13741397
137470
137471
137472
137473
137474
137475
137476
137477
137478
137479
137480
137481
137482
137483
137484
137485
137486
137487
137488
137489
137490
137495
137496
137497
13751370
13751371
13751372
13751373
13751374
13751375
13751376
13751377
13751378
13751379
13751380
13751381
13751382
13751383
13751384
13751385
13751387
13751386
13751388
13751395
13751396
13751397
137570
137571
137572
137573
137574
137575
137576
137577
137578
137579
137580
137581
137582
137583
137584
137585
137586
137587
137588
137589
137590
137595
137596
137597
13761370
13761371
13761372
13761373
13761374
13761375
13761376
13761377
13761378
13761379
13761380
13761381
13761382
13761383
13761384
13761385
13761387
13761386
13761388
13761395
13761396
13761397
137670
137671
137672
137673
137674
137675
137676
137677
137678
137679
137680
137681
137682
137683
137684
137685
137686
137687
137688
137689
137690
137695
137696
137697
13771370
13771371
13771372
13771373
13771374
13771375
13771376
13771377
13771378
13771379
13771380
13771381
13771382
13771383
13771384
13771385
13771387
13771386
13771388
13771395
13771396
13771397
137770
137771
137772
137773
137774
137775
137776
137777
137778
137779
137780
137781
137782
137783
137784
137785
137786
137787
137788
137789
137790
137795
137796
137797
13781370
13781371
13781372
13781373
13781374
13781375
13781376
13781377
13781378
13781379
13781380
13781381
13781382
13781383
13781384
13781385
13781387
13781386
13781388
13781395
13781396
13781397
137870
137871
137872
137873
137874
137875
137876
137877
137878
137879
137880
137881
137882
137883
137884
137885
137886
137887
137888
137889
137890
137895
137896
137897
13791370
13791371
13791372
13791373
13791374
13791375
13791376
13791377
13791378
13791379
13791380
13791381
13791382
13791383
13791384
13791385
13791387
13791386
13791388
13791395
13791396
13791397
137970
137971
137972
137973
137974
137975
137976
137977
137978
137979
137980
137981
137982
137983
137984
137985
137986
137987
137988
137989
137990
137995
137996
137997
13801370
13801371
13801372
13801373
13801374
13801375
13801376
13801377
13801378
13801379
13801380
13801381
13801382
13801383
13801384
13801385
13801387
13801386
13801388
13801395
13801396
13801397
138070
138071
138072
138073
138074
138075
138076
138077
138078
138079
138080
138081
138082
138083
138084
138085
138086
138087
138088
138089
138090
138095
138096
138097
13811370
13811371
13811372
13811373
13811374
13811375
13811376
13811377
13811378
13811379
13811380
13811381
13811382
13811383
13811384
13811385
13811387
13811386
13811388
13811395
13811396
13811397
138170
138171
138172
138173
138174
138175
138176
138177
138178
138179
138180
138181
138182
138183
138184
138185
138186
138187
138188
138189
138190
138195
138196
138197
13821370
13821371
13821372
13821373
13821374
13821375
13821376
13821377
13821378
13821379
13821380
13821381
13821382
13821383
13821384
13821385
13821387
13821386
13821388
13821395
13821396
13821397
138270
138271
138272
138273
138274
138275
138276
138277
138278
138279
138280
138281
138282
138283
138284
138285
138286
138287
138288
138289
138290
138295
138296
138297
13831370
13831371
13831372
13831373
13831374
13831375
13831376
13831377
13831378
13831379
13831380
13831381
13831382
13831383
13831384
13831385
13831387
13831386
13831388
13831395
13831396
13831397
138370
138371
138372
138373
138374
138375
138376
138377
138378
138379
138380
138381
138382
138383
138384
138385
138386
138387
138388
138389
138390
138395
138396
138397
13841370
13841371
13841372
13841373
13841374
13841375
13841376
13841377
13841378
13841379
13841380
13841381
13841382
13841383
13841384
13841385
13841387
13841386
13841388
13841395
13841396
13841397
138470
138471
138472
138473
138474
138475
138476
138477
138478
138479
138480
138481
138482
138483
138484
138485
138486
138487
138488
138489
138490
138495
138496
138497
13851370
13851371
13851372
13851373
13851374
13851375
13851376
13851377
13851378
13851379
13851380
13851381
13851382
13851383
13851384
13851385
13851387
13851386
13851388
13851395
13851396
13851397
138570
138571
138572
138573
138574
138575
138576
138577
138578
138579
138580
138581
138582
138583
138584
138585
138586
138587
138588
138589
138590
138595
138596
138597
13871370
13871371
13871372
13871373
13871374
13871375
13871376
13871377
13871378
13871379
13871380
13871381
13871382
13871383
13871384
13871385
13871387
13871386
13871388
13871395
13871396
13871397
138770
138771
138772
138773
138774
138775
138776
138777
138778
138779
138780
138781
138782
138783
138784
138785
138786
138787
138788
138789
138790
138795
138796
138797
13861370
13861371
13861372
13861373
13861374
13861375
13861376
13861377
13861378
13861379
13861380
13861381
13861382
13861383
13861384
13861385
13861387
13861386
13861388
13861395
13861396
13861397
138670
138671
138672
138673
138674
138675
138676
138677
138678
138679
138680
138681
138682
138683
138684
138685
138686
138687
138688
138689
138690
138695
138696
138697
13881370
13881371
13881372
13881373
13881374
13881375
13881376
13881377
13881378
13881379
13881380
13881381
13881382
13881383
13881384
13881385
13881387
13881386
13881388
13881395
13881396
13881397
138870
138871
138872
138873
138874
138875
138876
138877
138878
138879
138880
138881
138882
138883
138884
138885
138886
138887
138888
138889
138890
138895
138896
138897
13951370
13951371
13951372
13951373
13951374
13951375
13951376
13951377
13951378
13951379
13951380
13951381
13951382
13951383
13951384
13951385
13951387
13951386
13951388
13951395
13951396
13951397
139570
139571
139572
139573
139574
139575
139576
139577
139578
139579
139580
139581
139582
139583
139584
139585
139586
139587
139588
139589
139590
139595
139596
139597
13961370
13961371
13961372
13961373
13961374
13961375
13961376
13961377
13961378
13961379
13961380
13961381
13961382
13961383
13961384
13961385
13961387
13961386
13961388
13961395
13961396
13961397
139670
139671
139672
139673
139674
139675
139676
139677
139678
139679
139680
139681
139682
139683
139684
139685
139686
139687
139688
139689
139690
139695
139696
139697
13971370
13971371
13971372
13971373
13971374
13971375
13971376
13971377
13971378
13971379
13971380
13971381
13971382
13971383
13971384
13971385
13971387
13971386
13971388
13971395
13971396
13971397
139770
139771
139772
139773
139774
139775
139776
139777
139778
139779
139780
139781
139782
139783
139784
139785
139786
139787
139788
139789
139790
139795
139796
139797